
204
Ind_0	0.0000000000	0.0168462176	0.0312648684	0.0219777191	0.0218828406	0.0202875485	0.0283193519	0.0224413715	0.0214824736	0.0256022776	0.0252138592	0.0198493161	0.0244282384	0.0264403350	0.0210098263	0.0280438735	0.0235085536	0.0216607459	0.0254061342	0.0182728628	0.0236716594	0.0272685687	0.0286385976	0.0217052915	0.0247412768	0.0257706871	0.0222282271	0.0196258496	0.0232749128	0.0251450781	0.0242263610	0.0192213538	0.0228667006	0.0257910822	0.0227438305	0.0254447833	0.0234823952	0.0255481067	0.0219427165	0.0272496471	0.0228850855	0.0221277235	0.0255099214	0.0267363252	0.0221987634	0.0224710923	0.0193699292	0.0266281480	0.0207294662	0.0230397430	0.0224273091	0.0217691376	0.0285071759	0.0158066003	0.0258316965	0.0263940910	0.0227299036	0.0246735611	0.0232732462	0.0283223709	0.0203470638	0.0181976563	0.0266077591	0.0261935718	0.0248292848	0.0220232174	0.0237732517	0.0271143898	0.0250443854	0.0223449544	0.0258991744	0.0280069114	0.0191551944	0.0256555107	0.0240737225	0.0265260187	0.0209521039	0.0228733084	0.0195850346	0.0267948058	0.0238329027	0.0238614550	0.0238283160	0.0183638854	0.0240498341	0.0210769527	0.0215394013	0.0208077301	0.0276871294	0.0258920421	0.0248446422	0.0200994048	0.0262986736	0.0285554786	0.0263967095	0.0209176842	0.0244388692	0.0253462486	0.0244142160	0.0216852817	0.0231576093	0.0225458742	0.0211607272	0.0274356733	0.0218728565	0.0234426404	0.0274714174	0.0262739136	0.0183410063	0.0273802084	0.0269510207	0.0271244180	0.0208397569	0.0256207832	0.0282209675	0.0289366360	0.0253056929	0.0256559786	0.0237081273	0.0208089445	0.0212756942	0.0254913228	0.0242640768	0.0219557481	0.0243933004	0.0217815543	0.0199535543	0.0224569760	0.0229623513	0.0148255027	0.0258056265	0.0262555210	0.0235237749	0.0265759714	0.0241810739	0.0238614945	0.0301696726	0.0193648224	0.0222711864	0.0226366727	0.0240660614	0.0166418592	0.0267863360	0.0229220395	0.0273709453	0.0229809248	0.0213353179	0.0238451418	0.0148013881	0.0133361389	0.0134936500	0.0156262400	0.0183629753	0.0241738319	0.0144707433	0.0191080603	0.0247015950	0.0211849734	0.0218035766	0.0200109914	0.0213744082	0.0248110119	0.0282393934	0.0273136229	0.0166396241	0.0180839855	0.0238545782	0.0204316442	0.0203976466	0.0246732433	0.0184114030	0.0213792467	0.0259988280	0.0239636470	0.0201831736	0.0275563511	0.0239276075	0.0254950860	0.0215126595	0.0217028254	0.0189086325	0.0209463732	0.0224286929	0.0201282466	0.0246774272	0.0189757495	0.0265832322	0.0238043078	0.0217198303	0.0220481623	0.0239506958	0.0243684957	0.0196890600	0.0205403989	0.0205314409	0.0257131581	0.0206354905	0.0242770488	0.0208118218	0.0204933376	0.0214909327	0.0252672468	0.0204877769	0.0231322784
Ind_1	0.0168462176	0.0000000000	0.0302477075	0.0207246415	0.0209452579	0.0203464639	0.0270916548	0.0219851768	0.0212708273	0.0241090423	0.0259660310	0.0211610536	0.0226133305	0.0255374969	0.0215911210	0.0266894555	0.0220905997	0.0225444804	0.0244646986	0.0188017329	0.0245236622	0.0258006057	0.0274655062	0.0206196070	0.0259304416	0.0251991351	0.0232815173	0.0193158010	0.0242509646	0.0241730542	0.0231443151	0.0198657990	0.0239236219	0.0271598328	0.0231811318	0.0246111106	0.0227027572	0.0241230815	0.0227206572	0.0261161541	0.0237050540	0.0232129330	0.0265077278	0.0257143890	0.0234074696	0.0213064719	0.0182840506	0.0248317023	0.0198480654	0.0239494391	0.0232043190	0.0229907207	0.0272860654	0.0153486128	0.0242097189	0.0251997015	0.0239343148	0.0238572364	0.0239483844	0.0271789636	0.0202928477	0.0170096970	0.0256505927	0.0250480682	0.0238781572	0.0226136775	0.0247577581	0.0282101015	0.0257780067	0.0210224715	0.0272221472	0.0268919274	0.0182513834	0.0268781532	0.0243490636	0.0274425493	0.0199750185	0.0216407770	0.0210934116	0.0253370072	0.0226369671	0.0232711815	0.0244588532	0.0190012690	0.0225018800	0.0220259561	0.0205296890	0.0194399552	0.0261512388	0.0246379775	0.0239690709	0.0189041696	0.0249718588	0.0274241354	0.0251290309	0.0217461178	0.0229828293	0.0263391951	0.0254139795	0.0226651612	0.0214457321	0.0231602137	0.0220705165	0.0259814723	0.0225019127	0.0246703736	0.0263030738	0.0247014456	0.0183986272	0.0263490197	0.0256595568	0.0256059755	0.0215615944	0.0244019246	0.0268745829	0.0274879920	0.0242166497	0.0264034111	0.0242284687	0.0214562372	0.0200801368	0.0243067794	0.0231911381	0.0234502220	0.0228487793	0.0229532969	0.0196072092	0.0228816494	0.0234910785	0.0148388865	0.0243578729	0.0252554594	0.0221237622	0.0251472741	0.0232161481	0.0250379713	0.0306717525	0.0207982734	0.0230886324	0.0240903237	0.0229298533	0.0181248898	0.0256637707	0.0238804111	0.0261409268	0.0240282736	0.0204786350	0.0226714289	0.0156593038	0.0140284958	0.0135427418	0.0147674127	0.0178258477	0.0226079129	0.0138440813	0.0180629114	0.0233836553	0.0223379053	0.0206226774	0.0212888097	0.0225224722	0.0259496392	0.0268204657	0.0256948777	0.0174578597	0.0194032179	0.0226346167	0.0215881306	0.0214617659	0.0232102541	0.0191525980	0.0199621385	0.0246399007	0.0228763283	0.0191972563	0.0263166578	0.0243151957	0.0240897649	0.0204719923	0.0209326838	0.0194223197	0.0217878735	0.0238714346	0.0211883464	0.0234330557	0.0183396632	0.0250372636	0.0222727283	0.0203937014	0.0206894033	0.0248467318	0.0254733912	0.0205046214	0.0194267331	0.0215940186	0.0241505290	0.0212967878	0.0229831185	0.0219302531	0.0212048357	0.0200967115	0.0237457385	0.0193283702	0.0248518840
Ind_2	0.0312648684	0.0302477075	0.0000000000	0.0243455701	0.0241256722	0.0348274149	0.0293632019	0.0307161901	0.0357851315	0.0276524602	0.0400298084	0.0357906809	0.0264193632	0.0293078849	0.0350204156	0.0294176119	0.0253819728	0.0363351151	0.0273025744	0.0332183759	0.0381549434	0.0289859461	0.0302025691	0.0241908094	0.0401428006	0.0295613719	0.0372093887	0.0333973826	0.0379448279	0.0302408983	0.0305926414	0.0341967472	0.0376827530	0.0410025773	0.0373823035	0.0284128352	0.0313994146	0.0265445906	0.0374628103	0.0291490586	0.0374616286	0.0372893083	0.0407131264	0.0280645498	0.0380368550	0.0243140591	0.0254320264	0.0278662676	0.0236193624	0.0383190387	0.0374923197	0.0377433713	0.0291462183	0.0288758311	0.0272257508	0.0285011162	0.0375803328	0.0288142338	0.0385548877	0.0298618433	0.0342534899	0.0278639470	0.0289724585	0.0299099850	0.0273980242	0.0367913905	0.0388866770	0.0414631071	0.0397684286	0.0311652127	0.0407436163	0.0287165408	0.0290693629	0.0405577739	0.0386701547	0.0409066801	0.0301195033	0.0245753967	0.0348648586	0.0294136574	0.0251577722	0.0296472636	0.0382960552	0.0337706649	0.0287946566	0.0356432096	0.0290186380	0.0304343359	0.0291134311	0.0279948630	0.0279146474	0.0238051907	0.0276944211	0.0297254661	0.0288461192	0.0352477224	0.0285400050	0.0407062339	0.0393018232	0.0375294515	0.0293262835	0.0374504244	0.0367649380	0.0280162144	0.0368401042	0.0388239706	0.0283581052	0.0281461833	0.0324841389	0.0294772426	0.0279690775	0.0283078283	0.0360311555	0.0290285658	0.0291363682	0.0296166168	0.0281802467	0.0405464104	0.0384276296	0.0353593957	0.0238675141	0.0282927749	0.0256956082	0.0372412278	0.0258397678	0.0372821925	0.0330278327	0.0369006602	0.0376506833	0.0285611681	0.0274795462	0.0280164266	0.0253594333	0.0278673245	0.0278699450	0.0389151763	0.0443978032	0.0346161153	0.0368751763	0.0377198634	0.0280817609	0.0329529291	0.0281421986	0.0379977969	0.0286463340	0.0381438235	0.0293838714	0.0268240210	0.0303138118	0.0285952252	0.0282380602	0.0234718872	0.0293048024	0.0270102408	0.0271380763	0.0235244043	0.0266348536	0.0366431586	0.0298609487	0.0362494254	0.0362388975	0.0395684335	0.0285733521	0.0290154406	0.0323050346	0.0338713966	0.0267751753	0.0352741327	0.0358016479	0.0264952243	0.0339077117	0.0291934695	0.0283491067	0.0261425507	0.0225278841	0.0295393219	0.0388598213	0.0269498887	0.0278650309	0.0264757680	0.0335687333	0.0351978979	0.0377703229	0.0352346916	0.0259498124	0.0293489035	0.0281531439	0.0287888447	0.0263121202	0.0254742295	0.0390446813	0.0395853685	0.0354157933	0.0288342386	0.0360380081	0.0274135239	0.0358414224	0.0264484414	0.0367231039	0.0360820707	0.0231888984	0.0267453560	0.0245326180	0.0391080717
Ind_3	0.0219777191	0.0207246415	0.0243455701	0.0000000000	0.0149227546	0.0251491213	0.0210092944	0.0220905899	0.0276729531	0.0187106515	0.0316370496	0.0270314103	0.0165648804	0.0207737956	0.0264683344	0.0209151247	0.0157121593	0.0273696797	0.0190848562	0.0240812575	0.0298340134	0.0203306259	0.0218246157	0.0148978065	0.0313282678	0.0206920181	0.0289251881	0.0241935898	0.0295680685	0.0216064851	0.0215123208	0.0249514249	0.0291308279	0.0330105668	0.0284834742	0.0198155988	0.0232981608	0.0173632413	0.0288180093	0.0203185309	0.0293083751	0.0283304126	0.0326995494	0.0201939316	0.0296760254	0.0146886981	0.0152646882	0.0183009081	0.0138973328	0.0300656564	0.0287585984	0.0289950003	0.0215261805	0.0195296192	0.0187692750	0.0195184138	0.0294578224	0.0195368153	0.0297638063	0.0213621958	0.0253733164	0.0179734204	0.0203770736	0.0205527777	0.0190600753	0.0280712183	0.0302161830	0.0339736747	0.0316487611	0.0225808612	0.0326409570	0.0208637453	0.0202491188	0.0325729716	0.0307033493	0.0330086300	0.0212470453	0.0155479572	0.0259820310	0.0205874296	0.0159252793	0.0206155200	0.0301249675	0.0244291391	0.0199060893	0.0269869224	0.0200915712	0.0212897876	0.0205935336	0.0187204933	0.0193302561	0.0142275958	0.0192612077	0.0212711552	0.0197454635	0.0266027015	0.0191858665	0.0322544107	0.0314389702	0.0283619207	0.0209855911	0.0291911728	0.0276933523	0.0197212369	0.0281576330	0.0306319106	0.0196296725	0.0191194592	0.0233042871	0.0210842442	0.0196906641	0.0199271336	0.0269283865	0.0202660325	0.0206854504	0.0210490778	0.0191770123	0.0326314316	0.0304123365	0.0263975541	0.0143608857	0.0193023222	0.0164754714	0.0286164511	0.0165078121	0.0286129938	0.0239147259	0.0286590366	0.0294015509	0.0196985144	0.0185348500	0.0191722409	0.0163253516	0.0190513069	0.0186755200	0.0307580973	0.0366429096	0.0261062652	0.0286319789	0.0297774554	0.0187589614	0.0236094674	0.0195675913	0.0298756094	0.0203246900	0.0295212531	0.0199935374	0.0175509115	0.0212370964	0.0191888883	0.0182404233	0.0139429141	0.0203223904	0.0179374877	0.0178549495	0.0137451665	0.0176709378	0.0277147239	0.0208420982	0.0270052497	0.0277579131	0.0317887489	0.0203689307	0.0203573282	0.0228043044	0.0246349502	0.0174292455	0.0267082430	0.0270763328	0.0173342260	0.0249385466	0.0197670038	0.0200079158	0.0170132518	0.0131612578	0.0205035192	0.0306954262	0.0179943844	0.0189492024	0.0170393403	0.0248248077	0.0262234591	0.0294499687	0.0265274580	0.0169184685	0.0203227524	0.0191463580	0.0196155029	0.0170117106	0.0162837692	0.0311148758	0.0309004521	0.0262012026	0.0193467898	0.0270664310	0.0185575588	0.0270356458	0.0174114590	0.0273591381	0.0272903790	0.0139819640	0.0177027644	0.0149085856	0.0301919471
Ind_4	0.0218828406	0.0209452579	0.0241256722	0.0149227546	0.0000000000	0.0260462120	0.0205425548	0.0225059596	0.0277650108	0.0188034705	0.0321239611	0.0274245010	0.0165190239	0.0203926807	0.0268458053	0.0203437553	0.0152060531	0.0278275899	0.0186496629	0.0247108726	0.0303695294	0.0197350577	0.0211985864	0.0135808539	0.0314446156	0.0204812272	0.0289475688	0.0245763086	0.0302349630	0.0215251091	0.0221644983	0.0258368864	0.0294568352	0.0334058479	0.0292045969	0.0199302500	0.0228803340	0.0164013397	0.0288759601	0.0195676106	0.0293831300	0.0285806876	0.0326434790	0.0198577517	0.0296955486	0.0136793554	0.0155996755	0.0179950529	0.0131968440	0.0304411959	0.0286721458	0.0292150617	0.0204261071	0.0198484118	0.0176336652	0.0186813524	0.0293627495	0.0197084472	0.0304701374	0.0208825720	0.0260025986	0.0182671932	0.0198029527	0.0206769735	0.0190011666	0.0286093794	0.0309941247	0.0343325881	0.0317942034	0.0228528768	0.0333077950	0.0200251183	0.0204668088	0.0328944705	0.0309433290	0.0334385170	0.0214009558	0.0142844203	0.0263193416	0.0198046933	0.0149976539	0.0208797297	0.0305974346	0.0246870387	0.0204661935	0.0272526986	0.0204159923	0.0218826565	0.0195269072	0.0181701357	0.0191180787	0.0139864117	0.0181665745	0.0200603666	0.0188085554	0.0269573954	0.0196789826	0.0327068222	0.0318949836	0.0289813323	0.0209457130	0.0294538431	0.0279276778	0.0187262754	0.0283001698	0.0309227733	0.0193418257	0.0183229264	0.0233766726	0.0202107880	0.0190092847	0.0190421050	0.0272409216	0.0202469101	0.0200116280	0.0201295667	0.0190724949	0.0330674533	0.0308573692	0.0269399002	0.0137496627	0.0189031462	0.0157356055	0.0293103843	0.0159943835	0.0288779869	0.0241618487	0.0292899671	0.0299200131	0.0196060895	0.0175036980	0.0181909306	0.0150484058	0.0180370558	0.0186794069	0.0312730252	0.0372038905	0.0264013423	0.0291744618	0.0298767172	0.0187418627	0.0239333284	0.0185532138	0.0301815313	0.0195909072	0.0298002095	0.0203614759	0.0171538024	0.0216759796	0.0196075007	0.0186133700	0.0141705260	0.0203571539	0.0179289443	0.0181429104	0.0135085711	0.0167770032	0.0281715370	0.0212434893	0.0276011627	0.0278615874	0.0322752732	0.0196797334	0.0192660378	0.0234238965	0.0249849809	0.0164822627	0.0275167824	0.0275103105	0.0166240597	0.0250123995	0.0202913702	0.0198525692	0.0159111797	0.0124229323	0.0200975460	0.0310113778	0.0174103632	0.0189669120	0.0171395863	0.0249090220	0.0267814132	0.0302702783	0.0269708098	0.0159618842	0.0203596115	0.0184463286	0.0197057177	0.0168727211	0.0157485705	0.0313639533	0.0314423129	0.0269190820	0.0194431836	0.0272083218	0.0178988509	0.0275324826	0.0166171412	0.0277209030	0.0272731966	0.0126800251	0.0167233664	0.0150170448	0.0305894183
Ind_5	0.0202875485	0.0203464639	0.0348274149	0.0251491213	0.0260462120	0.0000000000	0.0321800094	0.0267701888	0.0212886245	0.0296975167	0.0258822180	0.0195764945	0.0279262726	0.0308031756	0.0229845973	0.0323122171	0.0274024615	0.0222367419	0.0298945771	0.0184808705	0.0233424628	0.0310485606	0.0329637472	0.0258378770	0.0246109918	0.0298090114	0.0222292734	0.0229893179	0.0234842865	0.0292086433	0.0277945765	0.0207467998	0.0231193909	0.0254218238	0.0226590948	0.0299397050	0.0273330181	0.0294189264	0.0214450101	0.0312967840	0.0227739872	0.0225598659	0.0255027271	0.0309016946	0.0218210133	0.0261657494	0.0230040255	0.0300436813	0.0248945698	0.0231107042	0.0213989439	0.0216229537	0.0325622930	0.0190650368	0.0296186961	0.0303653816	0.0231548801	0.0289853434	0.0231060352	0.0324390584	0.0227203522	0.0219106970	0.0311483952	0.0304585424	0.0293281652	0.0213856216	0.0241452673	0.0268037889	0.0247032252	0.0258958116	0.0258388243	0.0329123793	0.0235353960	0.0254215481	0.0234322540	0.0266850013	0.0247703601	0.0268272084	0.0204627364	0.0309943223	0.0275665193	0.0280950909	0.0239205680	0.0176358492	0.0282011627	0.0226785236	0.0257302559	0.0248318953	0.0314747636	0.0298276340	0.0290309665	0.0244643515	0.0305182701	0.0328392678	0.0308185700	0.0218777695	0.0280829497	0.0253884887	0.0243912734	0.0213919258	0.0268768911	0.0229059622	0.0207599044	0.0310227042	0.0216193677	0.0233644623	0.0318001947	0.0303030911	0.0222489066	0.0315653996	0.0306967811	0.0309143029	0.0213672148	0.0294344253	0.0323600179	0.0327043937	0.0293118551	0.0250104088	0.0236966820	0.0227312602	0.0254909261	0.0300231988	0.0286068485	0.0219939109	0.0282256940	0.0219976304	0.0237471568	0.0226179773	0.0230112534	0.0184448255	0.0296109983	0.0306259933	0.0279122369	0.0306075533	0.0282623972	0.0236252610	0.0292329982	0.0214221292	0.0219233277	0.0225266853	0.0282229397	0.0169155452	0.0308523396	0.0229996374	0.0313232968	0.0233790332	0.0251597040	0.0280828144	0.0150381272	0.0150339952	0.0166178296	0.0197781640	0.0223957743	0.0280544841	0.0186564810	0.0229523626	0.0293063980	0.0215239116	0.0254363401	0.0201442875	0.0212660232	0.0246207803	0.0322655971	0.0314323176	0.0169171574	0.0192807296	0.0281354067	0.0217119150	0.0198053076	0.0289647610	0.0189696266	0.0255007797	0.0296372750	0.0281713682	0.0241411031	0.0322243958	0.0235399964	0.0295614038	0.0253601682	0.0260683252	0.0216211306	0.0216100421	0.0225892917	0.0199623969	0.0286097864	0.0234709533	0.0302975483	0.0275722457	0.0255626338	0.0260735255	0.0236436323	0.0247886562	0.0192001041	0.0246452500	0.0204389027	0.0296348566	0.0203242039	0.0281520166	0.0207880754	0.0202854880	0.0254478622	0.0296647777	0.0244041502	0.0232902184
Ind_6	0.0283193519	0.0270916548	0.0293632019	0.0210092944	0.0205425548	0.0321800094	0.0000000000	0.0276158220	0.0329129927	0.0224316322	0.0353245300	0.0337618696	0.0217419222	0.0250241894	0.0321948387	0.0231715175	0.0197583133	0.0330389973	0.0223880732	0.0309471784	0.0350445262	0.0231758250	0.0245376418	0.0199348957	0.0370571029	0.0250625484	0.0341985588	0.0292302543	0.0353552383	0.0259370315	0.0267549441	0.0312462625	0.0344257989	0.0381935723	0.0345614184	0.0248882980	0.0278830545	0.0212273904	0.0349889858	0.0234269489	0.0349911218	0.0338545516	0.0376809371	0.0238381748	0.0357858778	0.0188616577	0.0216618179	0.0223925184	0.0194288890	0.0351730106	0.0354398489	0.0355602528	0.0230883002	0.0264357124	0.0215797847	0.0230274322	0.0351697864	0.0246587233	0.0356729922	0.0233939654	0.0311969262	0.0247890636	0.0244577361	0.0253682332	0.0237901345	0.0337869356	0.0341948941	0.0389259905	0.0360219251	0.0274825916	0.0382725293	0.0229601123	0.0257932174	0.0380435357	0.0361501892	0.0383238205	0.0267482390	0.0181243030	0.0318313387	0.0229695850	0.0195210921	0.0261561124	0.0356014546	0.0310370111	0.0254374076	0.0319973191	0.0254036187	0.0268821066	0.0224415779	0.0223789951	0.0246003798	0.0200631029	0.0217997734	0.0232949612	0.0227417981	0.0321407649	0.0244148592	0.0374236059	0.0373792718	0.0347859340	0.0254793345	0.0344090756	0.0339237555	0.0221310101	0.0337039421	0.0357539809	0.0220856996	0.0225227143	0.0293387000	0.0232168453	0.0223292736	0.0227394302	0.0323832622	0.0251465902	0.0225195916	0.0222043938	0.0247515908	0.0385623578	0.0362810895	0.0314655035	0.0194977271	0.0233905963	0.0197379747	0.0345289174	0.0199789849	0.0341719551	0.0293553683	0.0339289700	0.0349642665	0.0258367807	0.0218708954	0.0217061820	0.0194528542	0.0215175236	0.0233942654	0.0359738834	0.0418383775	0.0318732064	0.0340998049	0.0353031726	0.0241866401	0.0299986692	0.0220169175	0.0351573511	0.0223946527	0.0356105068	0.0251534692	0.0224120687	0.0273099975	0.0255605816	0.0245460012	0.0205570783	0.0266793876	0.0225445015	0.0235944614	0.0196098084	0.0205764801	0.0331724480	0.0260500656	0.0329264624	0.0333015928	0.0373077825	0.0222554272	0.0219699880	0.0291335623	0.0303580684	0.0215632839	0.0320827011	0.0333636356	0.0201309941	0.0306706672	0.0254393531	0.0243732181	0.0208019571	0.0191449959	0.0231193018	0.0365876465	0.0205019698	0.0240082968	0.0225210426	0.0304816459	0.0320523952	0.0351648279	0.0325292711	0.0201092460	0.0258338835	0.0211479639	0.0242410132	0.0227008423	0.0215855891	0.0368586652	0.0352518660	0.0327518168	0.0253767701	0.0321418413	0.0217552793	0.0331514041	0.0211070864	0.0334865644	0.0328637663	0.0170260092	0.0202458117	0.0208137873	0.0359442170
Ind_7	0.0224413715	0.0219851768	0.0307161901	0.0220905899	0.0225059596	0.0267701888	0.0276158220	0.0000000000	0.0269478701	0.0246176494	0.0315186149	0.0273871590	0.0247213543	0.0260590407	0.0259948285	0.0274772361	0.0235950609	0.0272593805	0.0246380896	0.0248475519	0.0290743171	0.0268708101	0.0280390481	0.0221605746	0.0306593819	0.0263104083	0.0290718583	0.0241926254	0.0292251126	0.0249170205	0.0237007504	0.0254248067	0.0286698544	0.0322873835	0.0282233865	0.0251321968	0.0239314584	0.0251456005	0.0288650721	0.0265989152	0.0278269943	0.0271587386	0.0318712398	0.0265614628	0.0296006204	0.0225646546	0.0199323621	0.0262831116	0.0208267016	0.0295568848	0.0291664177	0.0290454250	0.0271631224	0.0213063036	0.0252222254	0.0253813154	0.0284583128	0.0247803651	0.0295661536	0.0274251179	0.0261018106	0.0197160536	0.0265173948	0.0253875686	0.0244084443	0.0276903604	0.0301021449	0.0326646582	0.0312256690	0.0228641389	0.0317655848	0.0270852455	0.0209367048	0.0313724336	0.0297346715	0.0328984216	0.0218407792	0.0226377895	0.0257784772	0.0258542785	0.0238071634	0.0239801542	0.0297581835	0.0252182324	0.0228237353	0.0270346514	0.0220591737	0.0224173420	0.0268891500	0.0250639074	0.0243153609	0.0206782777	0.0256840014	0.0275547531	0.0257074589	0.0263702299	0.0244762944	0.0311491984	0.0306150988	0.0284413074	0.0223050241	0.0279213248	0.0272867663	0.0264928072	0.0277791598	0.0301606097	0.0269460569	0.0254826653	0.0238337190	0.0268022192	0.0262985138	0.0262860891	0.0267960784	0.0256744556	0.0275607773	0.0278108454	0.0247815458	0.0317166906	0.0301691469	0.0262917105	0.0217261955	0.0253242575	0.0241046505	0.0284030080	0.0245163640	0.0276947274	0.0247958982	0.0279396010	0.0288084336	0.0203895879	0.0255106115	0.0255942509	0.0238417996	0.0251505755	0.0242727299	0.0301677071	0.0361394900	0.0258357008	0.0284643489	0.0286493774	0.0234252865	0.0239966331	0.0260226914	0.0293589402	0.0270184179	0.0292917448	0.0220083110	0.0234366533	0.0214406854	0.0197000954	0.0192849945	0.0159226148	0.0207427973	0.0237262147	0.0184219760	0.0191754507	0.0245296761	0.0271377321	0.0220976101	0.0266820015	0.0275561119	0.0307626074	0.0273818310	0.0265583900	0.0229106945	0.0241975347	0.0237764481	0.0267910766	0.0270247950	0.0241916390	0.0246213152	0.0221034068	0.0258146872	0.0234600424	0.0203570890	0.0275379563	0.0300879391	0.0252434455	0.0214486953	0.0221631875	0.0244865957	0.0270318374	0.0291594450	0.0264046259	0.0249137979	0.0208628898	0.0264297024	0.0229571896	0.0212971044	0.0219955145	0.0306178179	0.0304835656	0.0266384664	0.0209601047	0.0268580730	0.0249963234	0.0271008329	0.0237222870	0.0275247587	0.0270148100	0.0211739391	0.0249426762	0.0205875954	0.0298250997
Ind_8	0.0214824736	0.0212708273	0.0357851315	0.0276729531	0.0277650108	0.0212886245	0.0329129927	0.0269478701	0.0000000000	0.0295701666	0.0231016356	0.0186374732	0.0300480299	0.0316065778	0.0235117036	0.0327364320	0.0292194054	0.0215640415	0.0298180318	0.0197763580	0.0212655161	0.0318296957	0.0335297630	0.0278331919	0.0228566266	0.0307361155	0.0202828402	0.0228626985	0.0212133962	0.0301024794	0.0274857215	0.0205913331	0.0216342096	0.0241857544	0.0213118558	0.0303852193	0.0278856466	0.0311291631	0.0206749536	0.0321248134	0.0211157753	0.0207122541	0.0237439604	0.0316464280	0.0207091465	0.0279780568	0.0250427160	0.0318066573	0.0263649812	0.0212653541	0.0209805728	0.0206731316	0.0335580954	0.0209992542	0.0301996875	0.0312222826	0.0209605380	0.0297280002	0.0208414083	0.0329774041	0.0232324250	0.0234450703	0.0316209564	0.0305265321	0.0296584242	0.0203602368	0.0218811943	0.0248566363	0.0223006846	0.0262860128	0.0233687719	0.0333113619	0.0240693291	0.0235753491	0.0210186641	0.0239001038	0.0253654405	0.0284868579	0.0201083546	0.0317607463	0.0295493432	0.0281003721	0.0217636308	0.0186904610	0.0283772305	0.0229098755	0.0260416112	0.0251340866	0.0318919409	0.0307214579	0.0300873556	0.0258593105	0.0314845434	0.0332772328	0.0312658939	0.0218521049	0.0285980446	0.0222024008	0.0222018439	0.0203121799	0.0269812684	0.0218499872	0.0196468890	0.0319812548	0.0202949984	0.0214573902	0.0326800731	0.0316289422	0.0225347298	0.0320875988	0.0317542579	0.0319204752	0.0200771330	0.0300940631	0.0326724478	0.0335630119	0.0295232294	0.0230707978	0.0198935850	0.0230485782	0.0270606791	0.0303543565	0.0301701690	0.0201488024	0.0301105877	0.0200216676	0.0244339579	0.0214924412	0.0212106553	0.0197583238	0.0304362280	0.0314020090	0.0290726530	0.0309577748	0.0290533826	0.0217704250	0.0281905431	0.0220810597	0.0205655514	0.0206922387	0.0286510496	0.0164138951	0.0320621739	0.0214854368	0.0316749831	0.0210136460	0.0257621025	0.0289374873	0.0157262604	0.0160101838	0.0175116187	0.0211635580	0.0229006439	0.0284484183	0.0195365672	0.0243558520	0.0299187685	0.0190897192	0.0261998825	0.0184108221	0.0202018196	0.0229802260	0.0329649602	0.0320909230	0.0171082858	0.0192056413	0.0288190354	0.0216883311	0.0187905731	0.0295851347	0.0193127323	0.0262950416	0.0304052297	0.0292609189	0.0259370509	0.0323660091	0.0213530031	0.0305195319	0.0263460422	0.0266058390	0.0219146458	0.0225478751	0.0209501956	0.0183206272	0.0304560983	0.0241495198	0.0317070787	0.0274823777	0.0261903015	0.0272625508	0.0213750728	0.0229911605	0.0180730805	0.0250814345	0.0201322567	0.0306562678	0.0184385986	0.0291228514	0.0192094242	0.0185325233	0.0268852037	0.0303730049	0.0259095330	0.0215690896
Ind_9	0.0256022776	0.0241090423	0.0276524602	0.0187106515	0.0188034705	0.0296975167	0.0224316322	0.0246176494	0.0295701666	0.0000000000	0.0343548536	0.0305846513	0.0204433224	0.0224629529	0.0294516984	0.0225526740	0.0191587699	0.0303400484	0.0206412306	0.0281003143	0.0326348261	0.0223344071	0.0234597580	0.0182677549	0.0344190634	0.0228133507	0.0317602876	0.0263326056	0.0324833599	0.0242768858	0.0245356412	0.0277026851	0.0320658433	0.0356648082	0.0319454598	0.0225986929	0.0256106018	0.0204003207	0.0324769634	0.0221620711	0.0314661036	0.0312063072	0.0344639490	0.0216784180	0.0329704916	0.0178625699	0.0192347102	0.0215472443	0.0173767768	0.0323300133	0.0329300193	0.0326771137	0.0223324993	0.0240374672	0.0207907611	0.0214874392	0.0318125259	0.0227530518	0.0328799440	0.0226284870	0.0283439655	0.0217385582	0.0222152664	0.0232026742	0.0214125482	0.0307034082	0.0331396088	0.0365401356	0.0341982209	0.0252633767	0.0351114906	0.0222526262	0.0233654138	0.0350673636	0.0332951378	0.0354621608	0.0242802334	0.0179024728	0.0291583242	0.0220469235	0.0189812105	0.0233213660	0.0328716344	0.0283551784	0.0230752634	0.0298615269	0.0229808481	0.0242261471	0.0216961651	0.0208027535	0.0221072099	0.0178172519	0.0209452471	0.0228095956	0.0218414951	0.0294844034	0.0227089778	0.0347106914	0.0345004547	0.0322725679	0.0238367690	0.0313665098	0.0304489528	0.0214784154	0.0306873487	0.0335107821	0.0218586616	0.0211223873	0.0263103691	0.0224238251	0.0215402076	0.0216612590	0.0298885405	0.0220019781	0.0221968986	0.0224548900	0.0221753785	0.0353677154	0.0331084503	0.0296272128	0.0176366235	0.0216630799	0.0190155463	0.0317382230	0.0194469124	0.0315370993	0.0270745442	0.0312276233	0.0318630220	0.0230635898	0.0207203927	0.0209786337	0.0185438504	0.0206173357	0.0210028239	0.0336165337	0.0394619383	0.0290830695	0.0310538681	0.0320407245	0.0213353627	0.0274213005	0.0215781391	0.0327665065	0.0221041122	0.0323432496	0.0231311787	0.0203687248	0.0243686418	0.0224729015	0.0218436752	0.0177216049	0.0234701809	0.0203339042	0.0209520979	0.0172514651	0.0193542895	0.0306541936	0.0232663472	0.0301621959	0.0306572780	0.0345643020	0.0221906486	0.0220754304	0.0263993267	0.0274378104	0.0195699777	0.0298647697	0.0305589685	0.0191932964	0.0280167191	0.0229327409	0.0224680718	0.0189987234	0.0168653712	0.0225091363	0.0333690907	0.0200259905	0.0224063634	0.0203629084	0.0273054686	0.0298117192	0.0319821094	0.0292910981	0.0200661051	0.0231214840	0.0210348313	0.0219890318	0.0199058359	0.0196630454	0.0338806067	0.0337602824	0.0299138025	0.0226717904	0.0297610673	0.0209625190	0.0299695840	0.0195021834	0.0305006581	0.0301966443	0.0163745257	0.0200283306	0.0184742390	0.0335099295
Ind_10	0.0252138592	0.0259660310	0.0400298084	0.0316370496	0.0321239611	0.0258822180	0.0353245300	0.0315186149	0.0231016356	0.0343548536	0.0000000000	0.0204578667	0.0341967274	0.0355571431	0.0267975918	0.0374616497	0.0330960534	0.0255377407	0.0344198634	0.0233082831	0.0234918373	0.0362965259	0.0377826321	0.0319539592	0.0237639120	0.0353075716	0.0239637850	0.0269615256	0.0233652550	0.0344935766	0.0325109795	0.0242056519	0.0251979676	0.0252075518	0.0232568283	0.0341479721	0.0324614716	0.0353217301	0.0218679065	0.0367702594	0.0250477365	0.0240639079	0.0250863472	0.0357732166	0.0227582498	0.0323266785	0.0292560411	0.0360791960	0.0311267842	0.0239790173	0.0224931334	0.0224848489	0.0376181524	0.0251826714	0.0348980015	0.0359548394	0.0233161229	0.0340638406	0.0232662133	0.0371998076	0.0270217977	0.0279863174	0.0361578769	0.0352643564	0.0342748695	0.0230369331	0.0239069606	0.0267406220	0.0224320509	0.0303973274	0.0256881088	0.0368430466	0.0275087277	0.0252380126	0.0234708378	0.0247401807	0.0298768982	0.0330920654	0.0240015629	0.0361399080	0.0338956395	0.0328535143	0.0237044655	0.0222812460	0.0328099082	0.0269250627	0.0307290095	0.0297376347	0.0369068728	0.0353016411	0.0341317683	0.0301970781	0.0358833991	0.0376943322	0.0361108252	0.0257052474	0.0331833202	0.0245378759	0.0240494048	0.0217952644	0.0320024476	0.0264180966	0.0229506588	0.0365485570	0.0243756538	0.0234924997	0.0369309017	0.0357758342	0.0271027033	0.0375475822	0.0363235527	0.0366248690	0.0248508967	0.0340377026	0.0373397210	0.0370155494	0.0348309577	0.0250230020	0.0231580526	0.0265757184	0.0315073430	0.0349994740	0.0344205846	0.0223670562	0.0345696444	0.0226867141	0.0281931346	0.0263393395	0.0245351242	0.0244016176	0.0354103972	0.0354272613	0.0340183230	0.0355526522	0.0339041309	0.0235708615	0.0296302548	0.0265304964	0.0221249263	0.0222958078	0.0336353459	0.0197699865	0.0361785836	0.0227472304	0.0368909713	0.0235251248	0.0299818548	0.0333173425	0.0199767888	0.0201337850	0.0222178776	0.0254710631	0.0272707044	0.0334101681	0.0241712017	0.0287873038	0.0344510754	0.0225419049	0.0305893318	0.0206272224	0.0236543957	0.0243476086	0.0376848433	0.0356741383	0.0213624083	0.0236284592	0.0334391482	0.0257462725	0.0202523288	0.0342165837	0.0235270714	0.0307929731	0.0345938153	0.0335798290	0.0304903588	0.0370416524	0.0233705479	0.0348594841	0.0306332884	0.0312191158	0.0259044711	0.0275178568	0.0223150650	0.0207331272	0.0350986028	0.0285520107	0.0364256550	0.0319407695	0.0306224276	0.0314749960	0.0238723602	0.0238548902	0.0202142281	0.0294505967	0.0229778948	0.0354020299	0.0209704152	0.0336951872	0.0220763538	0.0211020388	0.0316630856	0.0347817659	0.0302318991	0.0226339981
Ind_11	0.0198493161	0.0211610536	0.0357906809	0.0270314103	0.0274245010	0.0195764945	0.0337618696	0.0273871590	0.0186374732	0.0305846513	0.0204578667	0.0000000000	0.0299706989	0.0316400701	0.0228873873	0.0334545369	0.0286815926	0.0203670715	0.0306364109	0.0182563336	0.0178763972	0.0321819069	0.0337194338	0.0272703582	0.0179156934	0.0312091082	0.0189325279	0.0224668237	0.0176364198	0.0298404876	0.0283696128	0.0196612506	0.0208555891	0.0182090083	0.0187150925	0.0304909813	0.0277180250	0.0307824442	0.0136519327	0.0328412238	0.0197837225	0.0189615954	0.0186865792	0.0320626908	0.0139787067	0.0279361594	0.0244472165	0.0311629667	0.0260128662	0.0178945585	0.0139904889	0.0137572385	0.0338490827	0.0194083520	0.0307566763	0.0319050270	0.0181687922	0.0297877730	0.0177387391	0.0335088230	0.0225589641	0.0226405322	0.0321559008	0.0314080377	0.0303377555	0.0179423403	0.0203693612	0.0199192329	0.0165639334	0.0266057668	0.0181702854	0.0338463860	0.0234704304	0.0182545317	0.0167853636	0.0194492831	0.0253595809	0.0284435053	0.0188048722	0.0322489096	0.0295695518	0.0287197652	0.0185167725	0.0166690362	0.0288904087	0.0219983854	0.0261222506	0.0253150137	0.0330836301	0.0309692089	0.0300980397	0.0253516634	0.0317860677	0.0343219166	0.0319543278	0.0208080573	0.0291551312	0.0178477104	0.0170018396	0.0136238760	0.0272428718	0.0215579066	0.0176525696	0.0325597448	0.0189713079	0.0154475026	0.0332348557	0.0315730449	0.0221508319	0.0330658309	0.0321949491	0.0325097976	0.0198317439	0.0303369932	0.0338915903	0.0342454774	0.0303338846	0.0171854343	0.0160784966	0.0225878088	0.0267563145	0.0310020566	0.0302172354	0.0167640936	0.0301069189	0.0170830700	0.0235899732	0.0208204233	0.0198587187	0.0186614846	0.0309034664	0.0318650702	0.0292991995	0.0320522302	0.0293314176	0.0171073697	0.0227380872	0.0211962695	0.0180523531	0.0163858112	0.0289873387	0.0136447899	0.0320688898	0.0163331979	0.0327763523	0.0179686890	0.0255713587	0.0289610067	0.0142540910	0.0148994831	0.0165970583	0.0206517053	0.0223535990	0.0292384655	0.0190565141	0.0241790539	0.0299801425	0.0172915987	0.0260391607	0.0150362639	0.0182854549	0.0170034483	0.0336812059	0.0327402770	0.0157387793	0.0186338927	0.0289850465	0.0205501464	0.0118707017	0.0300584795	0.0183952746	0.0260607945	0.0308191943	0.0291535394	0.0255083337	0.0329583465	0.0155830366	0.0310546010	0.0261990498	0.0268455592	0.0214174837	0.0215673464	0.0162394041	0.0148987952	0.0301372201	0.0238362906	0.0318856846	0.0283481835	0.0261989746	0.0272322717	0.0156562660	0.0184894741	0.0119431152	0.0249573213	0.0179361018	0.0309291659	0.0148428295	0.0294102028	0.0162322546	0.0149404727	0.0266138810	0.0309558650	0.0255120746	0.0155469112
Ind_12	0.0244282384	0.0226133305	0.0264193632	0.0165648804	0.0165190239	0.0279262726	0.0217419222	0.0247213543	0.0300480299	0.0204433224	0.0341967274	0.0299706989	0.0000000000	0.0221636310	0.0293813083	0.0213127057	0.0161990175	0.0300808513	0.0200384947	0.0269926615	0.0324457204	0.0207070597	0.0226769948	0.0161934852	0.0344354152	0.0223749470	0.0314486013	0.0264765819	0.0324162217	0.0236962369	0.0242387530	0.0278884324	0.0318509628	0.0356574557	0.0315273974	0.0218618325	0.0256233311	0.0177356921	0.0313873585	0.0205512092	0.0317008468	0.0311819565	0.0351378466	0.0214531585	0.0320356587	0.0152511898	0.0177463893	0.0189017425	0.0153643816	0.0328152229	0.0319518753	0.0319379069	0.0216291910	0.0218645065	0.0190638203	0.0202336902	0.0317582170	0.0218658767	0.0325467979	0.0217257723	0.0280642992	0.0206836656	0.0217741522	0.0227337733	0.0206984342	0.0308804224	0.0329861809	0.0365621937	0.0343232800	0.0248125605	0.0355851754	0.0210531153	0.0226643347	0.0352082630	0.0332249178	0.0357068035	0.0235334262	0.0156372349	0.0286166408	0.0207017975	0.0162902871	0.0228785817	0.0328940889	0.0272286712	0.0224372437	0.0293190345	0.0226265750	0.0234660532	0.0205496162	0.0198333855	0.0215602310	0.0159314532	0.0193275575	0.0214929455	0.0201374803	0.0291185230	0.0211752661	0.0352463437	0.0339404478	0.0311249063	0.0228108086	0.0320068112	0.0304841109	0.0201247313	0.0307608656	0.0333786985	0.0201014324	0.0195689573	0.0260586197	0.0214892278	0.0201228844	0.0202996898	0.0296651601	0.0222316969	0.0207631851	0.0214144540	0.0212253076	0.0354291458	0.0331435887	0.0292470683	0.0155741998	0.0208454145	0.0169455898	0.0314296606	0.0174710929	0.0315228412	0.0261667688	0.0310557770	0.0322164614	0.0221306806	0.0189287418	0.0198811649	0.0164291315	0.0194075400	0.0212125473	0.0331429650	0.0393609053	0.0286441505	0.0315547675	0.0323889442	0.0209278944	0.0265763440	0.0197985262	0.0327324004	0.0207205198	0.0322436974	0.0227151585	0.0189648621	0.0239705864	0.0221704238	0.0213277009	0.0166366167	0.0226971932	0.0199067687	0.0205770077	0.0159925761	0.0182367721	0.0304462580	0.0230519491	0.0298793997	0.0306309535	0.0347744018	0.0208048890	0.0207119195	0.0256863414	0.0272540992	0.0185685473	0.0296964842	0.0300109775	0.0179473483	0.0272348425	0.0223689864	0.0217987042	0.0173860050	0.0148429144	0.0213159960	0.0334463751	0.0180488515	0.0208427811	0.0189947863	0.0274299915	0.0294106652	0.0323126876	0.0292996007	0.0170101420	0.0225866478	0.0196862092	0.0215164065	0.0188262300	0.0179421388	0.0339226909	0.0337477405	0.0291382230	0.0218738986	0.0297080311	0.0191843533	0.0298358485	0.0179824405	0.0302044497	0.0302166131	0.0145332997	0.0180048221	0.0172841866	0.0334912559
Ind_13	0.0264403350	0.0255374969	0.0293078849	0.0207737956	0.0203926807	0.0308031756	0.0250241894	0.0260590407	0.0316065778	0.0224629529	0.0355571431	0.0316400701	0.0221636310	0.0000000000	0.0304929797	0.0246432120	0.0210939810	0.0311939140	0.0224129846	0.0288773085	0.0337642556	0.0246155146	0.0253653994	0.0199578002	0.0351604880	0.0241660705	0.0330314300	0.0274706153	0.0338279329	0.0246321906	0.0257263149	0.0290073766	0.0329101064	0.0368921286	0.0328322859	0.0235349834	0.0270234640	0.0224304630	0.0332678787	0.0238328228	0.0327425292	0.0322787148	0.0358966307	0.0241300328	0.0340612617	0.0198247075	0.0202420732	0.0239014085	0.0189926810	0.0334663359	0.0337180917	0.0336889539	0.0250415674	0.0248741877	0.0225850494	0.0234246243	0.0329300986	0.0241325249	0.0333988859	0.0248294764	0.0297624855	0.0229022969	0.0237156786	0.0242931188	0.0231194373	0.0319771078	0.0343697613	0.0374992545	0.0356456345	0.0264312374	0.0366811795	0.0243463366	0.0245141138	0.0362987634	0.0342636452	0.0367930967	0.0247754728	0.0201160546	0.0297399426	0.0234206128	0.0211198169	0.0247422256	0.0341335105	0.0292393220	0.0240703771	0.0303425080	0.0238510278	0.0252803195	0.0243577085	0.0223449760	0.0232028409	0.0189888430	0.0233333484	0.0249531212	0.0231310153	0.0309178046	0.0238650177	0.0362743461	0.0355261649	0.0328268309	0.0244324889	0.0324871588	0.0316815937	0.0236916062	0.0319171237	0.0346346578	0.0236790227	0.0229366100	0.0274748429	0.0242875830	0.0233814867	0.0235469537	0.0305920659	0.0243586687	0.0244435785	0.0249189358	0.0232855846	0.0363686635	0.0345744758	0.0306721465	0.0194734297	0.0232578245	0.0214245876	0.0329197391	0.0217599805	0.0323748849	0.0274722781	0.0326023563	0.0331934858	0.0240342613	0.0219149009	0.0231244613	0.0208993360	0.0232750519	0.0230793838	0.0348768292	0.0410414535	0.0293776378	0.0327818177	0.0333833157	0.0218900204	0.0280175421	0.0238711607	0.0335944942	0.0242632030	0.0332121085	0.0239056894	0.0217037113	0.0250756631	0.0238917543	0.0228363691	0.0185705966	0.0244115684	0.0219145759	0.0220748069	0.0183741849	0.0222198580	0.0316222173	0.0254320378	0.0311949894	0.0319211693	0.0359721970	0.0243044141	0.0236522205	0.0273092443	0.0286581845	0.0211614937	0.0312006914	0.0316454032	0.0212836156	0.0288086674	0.0242295725	0.0241143494	0.0213488109	0.0183182450	0.0243530896	0.0347217015	0.0224790687	0.0232253493	0.0214315977	0.0285157011	0.0310031636	0.0337196799	0.0309610165	0.0225454153	0.0239982510	0.0234280491	0.0235246817	0.0210484231	0.0205117488	0.0345209759	0.0350619370	0.0309118637	0.0231845871	0.0311068894	0.0224543012	0.0311519344	0.0210317607	0.0310079229	0.0315163020	0.0185132501	0.0219964651	0.0194875450	0.0344604833
Ind_14	0.0210098263	0.0215911210	0.0350204156	0.0264683344	0.0268458053	0.0229845973	0.0321948387	0.0259948285	0.0235117036	0.0294516984	0.0267975918	0.0228873873	0.0293813083	0.0304929797	0.0000000000	0.0318533323	0.0284029583	0.0233399548	0.0293856944	0.0212435880	0.0251435312	0.0316430144	0.0332120493	0.0266880602	0.0267748520	0.0302196009	0.0247325542	0.0233884175	0.0250356445	0.0293510247	0.0284973589	0.0223329461	0.0245111016	0.0280627502	0.0242542495	0.0300294844	0.0277227297	0.0300360186	0.0242196193	0.0316266812	0.0248118626	0.0237322809	0.0273905695	0.0308089925	0.0248676238	0.0274645452	0.0246588077	0.0310182025	0.0257315692	0.0246972860	0.0243798430	0.0245492389	0.0325952902	0.0207093483	0.0297537878	0.0309695940	0.0251904434	0.0293358140	0.0254053469	0.0331798259	0.0235712712	0.0229112173	0.0312148835	0.0310707035	0.0286930514	0.0240716234	0.0261244549	0.0293665000	0.0266486069	0.0262952246	0.0279237444	0.0326483655	0.0234807547	0.0281719556	0.0260701342	0.0281111062	0.0250564079	0.0280901870	0.0224469362	0.0311940387	0.0282632363	0.0288191256	0.0250926274	0.0211012582	0.0277144242	0.0231589967	0.0261651420	0.0255728545	0.0321514702	0.0298987625	0.0289780544	0.0250239739	0.0307640517	0.0330680685	0.0311864926	0.0232148587	0.0287750763	0.0268143695	0.0268727539	0.0243350161	0.0271761387	0.0248091791	0.0229246410	0.0317770723	0.0235350315	0.0252966295	0.0318398687	0.0303957400	0.0220434701	0.0320427637	0.0311171639	0.0312642254	0.0230148584	0.0293175668	0.0326806151	0.0329319841	0.0293280798	0.0276074730	0.0260833837	0.0231722626	0.0265951260	0.0299479604	0.0296535554	0.0238750891	0.0292855531	0.0240224624	0.0237506214	0.0246489000	0.0250131868	0.0197458195	0.0299119942	0.0307953274	0.0289312796	0.0308199208	0.0288612600	0.0260125608	0.0324493527	0.0224186626	0.0243940452	0.0244106444	0.0286650895	0.0198865888	0.0317674550	0.0243383847	0.0318823059	0.0255843354	0.0256341598	0.0285117541	0.0174307409	0.0161081253	0.0172579871	0.0205552562	0.0229057760	0.0286300098	0.0191160325	0.0236675343	0.0288017310	0.0237810289	0.0259884964	0.0225094143	0.0234334392	0.0268793408	0.0324073829	0.0310656480	0.0194661798	0.0212174416	0.0281562362	0.0226802235	0.0223015883	0.0290321049	0.0209980152	0.0257876818	0.0298688390	0.0286926205	0.0251523758	0.0325078058	0.0254601805	0.0306352909	0.0260413787	0.0261952584	0.0221651193	0.0236736592	0.0249943651	0.0223956842	0.0296655080	0.0239766222	0.0309184244	0.0277392852	0.0257877832	0.0264379472	0.0256917928	0.0269674704	0.0221605656	0.0248443036	0.0225156662	0.0302494816	0.0228131491	0.0284269031	0.0228806274	0.0223672916	0.0263877727	0.0300218966	0.0250698604	0.0255617503
